Generation,Indiv,Father,Mother,EBV
0,1,0,0,1.32005952869
0,2,0,0,0.0492867961498
0,3,0,0,0.0399689480003
0,4,0,0,1.10699215374
0,5,0,0,1.32442645353
0,6,0,0,0.948741082192
0,7,0,0,0.927958699099
0,8,0,0,1.44076938296
0,9,0,0,0.0931746913183
0,10,0,0,1.20977233131
0,11,0,0,0.418292959234
0,12,0,0,0.993950963424
0,13,0,0,0.33851615591
0,14,0,0,1.18990404818
0,15,0,0,0.0102361908942
0,16,0,0,0.0603761568171
0,17,0,0,0.992790864804
0,18,0,0,0.553455688527
0,19,0,0,0.906720749279
0,20,0,0,0.437348238864
0,21,0,0,0.608087155656
0,22,0,0,1.35324149621
0,23,0,0,0.340177572371
0,24,0,0,0.264569993932
0,25,0,0,1.49583001254
0,26,0,0,1.28201212274
0,27,0,0,0.814413761338
0,28,0,0,0.856034847837
0,29,0,0,1.20611955405
0,30,0,0,0.250842102625
0,31,0,0,0.100959479833
0,32,0,0,1.14440806198
0,33,0,0,1.30082404789
0,34,0,0,0.00908116432144
0,35,0,0,0.723315742001
0,36,0,0,0.59193742103
0,37,0,0,1.13387399829
0,38,0,0,1.16748074486
0,39,0,0,0.171543279636
0,40,0,0,0.707297503439
0,41,0,0,1.06621051547
0,42,0,0,0.761884939624
0,43,0,0,1.36661297951
0,44,0,0,0.979568603289
0,45,0,0,0.283717511637
0,46,0,0,1.18913699873
0,47,0,0,0.657191816652
0,48,0,0,1.14776473881
0,49,0,0,1.02357425704
0,50,0,0,0.4846086986
0,51,0,0,0.73956085253
0,52,0,0,1.46947897628
0,53,0,0,0.929253886408
0,54,0,0,1.39760153032
0,55,0,0,0.616861417935
0,56,0,0,0.133745321122
0,57,0,0,0.436793934234
0,58,0,0,1.33333795789
0,59,0,0,0.179971337188
0,60,0,0,1.09538692128
0,61,0,0,0.0883256107341
0,62,0,0,1.14453282207
0,63,0,0,0.776684554029
0,64,0,0,0.493744708488
0,65,0,0,1.41677609018
0,66,0,0,0.0268456540461
0,67,0,0,0.686900409817
0,68,0,0,0.733343219562
0,69,0,0,0.179007430976
0,70,0,0,0.579088106974
0,71,0,0,0.907739264957
0,72,0,0,0.130471093904
0,73,0,0,0.713209415824
0,74,0,0,0.824289769198
0,75,0,0,0.413483955814
0,76,0,0,0.187728530397
0,77,0,0,0.430753274082
0,78,0,0,1.29832919513
0,79,0,0,0.378258018421
0,80,0,0,0.25092943713
0,81,0,0,0.473016091775
0,82,0,0,0.956788412016
0,83,0,0,0.87414796548
0,84,0,0,0.774671143331
0,85,0,0,0.598416482411
0,86,0,0,0.214405384509
0,87,0,0,0.0536310112539
0,88,0,0,0.73928967208
0,89,0,0,1.24655272577
0,90,0,0,0.275949516893
0,91,0,0,0.344776176256
0,92,0,0,0.728732545894
0,93,0,0,0.0315374648378
0,94,0,0,1.43838857564
0,95,0,0,0.606566800618
0,96,0,0,0.0049329270724
0,97,0,0,0.941676179871
0,98,0,0,1.29947157069
0,99,0,0,0.697712474362
0,100,0,0,0.324496772159
1,101,0,0,0.5852366493
1,102,0,0,1.31626973881
1,103,0,0,0.866394916739
1,104,0,0,1.12064845488
1,105,0,0,0.0701194668009
1,106,0,0,0.789005291924
1,107,0,0,0.0619112177727
1,108,0,0,0.194444031729
1,109,0,0,0.0585872063077
1,110,0,0,1.42235830238
1,111,0,0,0.47012198453
1,112,0,0,1.22678680282
1,113,0,0,1.02303318597
1,114,0,0,0.37800979868
1,115,0,0,0.00432701509463
1,116,0,0,0.339917404963
1,117,0,0,1.02798717565
1,118,0,0,0.884620644442
1,119,0,0,0.212642519128
1,120,0,0,1.35046451166
1,121,0,0,1.47001898965
1,122,0,0,0.11136078862
1,123,0,0,0.568188355054
1,124,0,0,0.150370384578
1,125,0,0,0.511248302602
1,126,0,0,1.46608388991
1,127,0,0,1.33410414954
1,128,0,0,0.810162684611
1,129,0,0,1.31401832198
1,130,0,0,1.04219000585
1,131,0,0,1.43620942342
1,132,0,0,0.695815854379
1,133,0,0,0.708984083151
1,134,0,0,1.11987864281
1,135,0,0,0.622268151559
1,136,0,0,1.08332544803
1,137,0,0,1.15540940435
1,138,0,0,1.36456786214
1,139,0,0,0.382738016514
1,140,0,0,0.382431281864
1,141,0,0,1.30608915685
1,142,0,0,0.0542097858448
1,143,0,0,0.515329042058
1,144,0,0,0.936633830533
1,145,0,0,0.260653788001
1,146,0,0,0.90254044589
1,147,0,0,0.889114358068
1,148,0,0,0.36213110815
1,149,0,0,0.608037547486
1,150,0,0,1.34242083677
1,151,0,0,0.441659353389
1,152,0,0,0.401213621002
1,153,0,0,0.551308806714
1,154,0,0,0.132399680935
1,155,0,0,0.0174947232205
1,156,0,0,1.31166957499
1,157,0,0,1.00436719778
1,158,0,0,0.946825994748
1,159,0,0,0.525635443278
1,160,0,0,0.433422678546
1,161,0,0,0.873315886047
1,162,0,0,0.170186806581
1,163,0,0,0.739676392417
1,164,0,0,0.68459300385
1,165,0,0,0.828695213281
1,166,0,0,0.371876057192
1,167,0,0,0.479320067622
1,168,0,0,1.42860717621
1,169,0,0,1.32597076688
1,170,0,0,0.0993108145003
1,171,0,0,0.530135400189
1,172,0,0,0.127281856118
1,173,0,0,1.48140011218
1,174,0,0,0.0215224183491
1,175,0,0,1.15040677873
1,176,0,0,1.21506771029
1,177,0,0,0.576644681854
1,178,0,0,0.459327227538
1,179,0,0,0.249780059335
1,180,0,0,1.2354524894
1,181,0,0,0.542372396704
1,182,0,0,0.310509268206
1,183,0,0,0.357894119193
1,184,0,0,1.29584140243
1,185,0,0,0.245761833454
1,186,0,0,0.44355161347
1,187,0,0,0.971123067746
1,188,0,0,0.809387883264
1,189,0,0,1.03024534432
1,190,0,0,0.789520403988
1,191,0,0,1.22032972281
1,192,0,0,1.24482276137
1,193,0,0,0.0551066975687
1,194,0,0,1.313475939
1,195,0,0,1.24136645777
1,196,0,0,0.0223526563314
1,197,0,0,0.976388406769
1,198,0,0,1.00484185066
1,199,0,0,1.17185798659
1,200,0,0,0.86665850914
2,201,0,0,1.331397846
2,202,0,0,0.0456341004785
2,203,0,0,0.883423828815
2,204,0,0,1.11609021389
2,205,0,0,0.339879065706
2,206,0,0,0.461262663943
2,207,0,0,1.43091352841
2,208,0,0,1.45765250095
2,209,0,0,1.23442636629
2,210,0,0,0.470958550035
2,211,0,0,0.693271662664
2,212,0,0,0.818930958543
2,213,0,0,0.467782456089
2,214,0,0,0.623360460023
2,215,0,0,1.06013017376
2,216,0,0,1.26772076053
2,217,0,0,1.36868464193
2,218,0,0,0.316597627522
2,219,0,0,1.21948797682
2,220,0,0,0.530288302519
2,221,0,0,0.0474420350747
2,222,0,0,0.848485940112
2,223,0,0,0.0495831786921
2,224,0,0,0.852152825291
2,225,0,0,0.453162360554
2,226,0,0,0.179031271497
2,227,0,0,0.294994204704
2,228,0,0,1.09110252248
2,229,0,0,0.168126875733
2,230,0,0,0.840949755004
2,231,0,0,0.847246310771
2,232,0,0,0.74922300763
2,233,0,0,1.31328492337
2,234,0,0,0.274110439227
2,235,0,0,1.15712476726
2,236,0,0,0.484370803867
2,237,0,0,0.801305343022
2,238,0,0,0.250841507675
2,239,0,0,1.29264577268
2,240,0,0,1.45677172461
2,241,0,0,1.20134954963
2,242,0,0,0.455294851334
2,243,0,0,0.400249933305
2,244,0,0,0.856748207155
2,245,0,0,1.25411638764
2,246,0,0,1.27096276027
2,247,0,0,1.3547691373
2,248,0,0,1.20514995294
2,249,0,0,1.48780376431
2,250,0,0,0.863069621762
2,251,0,0,0.698523147224
2,252,0,0,0.188150961166
2,253,0,0,1.47078097616
2,254,0,0,0.416143740696
2,255,0,0,0.303145857162
2,256,0,0,0.682009791835
2,257,0,0,0.451629141728
2,258,0,0,0.291625578013
2,259,0,0,0.293657571511
2,260,0,0,0.04694331631
2,261,0,0,0.364809400512
2,262,0,0,1.20472758494
2,263,0,0,0.594160722233
2,264,0,0,0.276684287688
2,265,0,0,0.163352159425
2,266,0,0,1.42812892055
2,267,0,0,1.04429308073
2,268,0,0,1.16361661014
2,269,0,0,0.910402040098
2,270,0,0,0.0496859124625
2,271,0,0,0.43003808248
2,272,0,0,1.37335807095
2,273,0,0,0.369810852198
2,274,0,0,1.30431223044
2,275,0,0,0.0971382142276
2,276,0,0,0.688406327389
2,277,0,0,0.337050077533
2,278,0,0,1.41979805488
2,279,0,0,1.47196431039
2,280,0,0,0.273983810249
2,281,0,0,1.02331398587
2,282,0,0,0.758473451765
2,283,0,0,1.37872136709
2,284,0,0,1.42051235859
2,285,0,0,1.11557281862
2,286,0,0,1.49235178602
2,287,0,0,1.05595752131
2,288,0,0,0.479471590787
2,289,0,0,0.243158639016
2,290,0,0,0.0880514210511
2,291,0,0,0.0707641662394
2,292,0,0,0.50119871347
2,293,0,0,1.0453162333
2,294,0,0,0.616766632996
2,295,0,0,1.45592499235
2,296,0,0,1.0808013336
2,297,0,0,0.084788876419
2,298,0,0,0.554606408817
2,299,0,0,0.290173270981
2,300,0,0,0.322010694295
3,301,0,0,0.540188397961
3,302,0,0,0.993851149627
3,303,0,0,0.448542920721
3,304,0,0,0.596468769354
3,305,0,0,0.100498829916
3,306,0,0,0.956986520476
3,307,0,0,0.375763329082
3,308,0,0,1.20498098358
3,309,0,0,0.45559932704
3,310,0,0,0.0580758127836
3,311,0,0,0.325078474494
3,312,0,0,0.0260259223391
3,313,0,0,1.29667950682
3,314,0,0,0.905989426116
3,315,0,0,0.343051189051
3,316,0,0,0.0810009399488
3,317,0,0,0.732212270889
3,318,0,0,1.32568313063
3,319,0,0,0.633564815164
3,320,0,0,1.0809524307
3,321,0,0,1.28218256966
3,322,0,0,0.532971042957
3,323,0,0,1.04939669384
3,324,0,0,1.16735414148
3,325,0,0,0.809999047017
3,326,0,0,0.688803522623
3,327,0,0,0.814207549147
3,328,0,0,0.924848315301
3,329,0,0,0.286544995155
3,330,0,0,0.892075830461
3,331,0,0,0.226633251958
3,332,0,0,0.69362265357
3,333,0,0,0.725123373684
3,334,0,0,0.537394230102
3,335,0,0,1.07276519861
3,336,0,0,1.28743442056
3,337,0,0,1.05389462849
3,338,0,0,0.898984448439
3,339,0,0,1.0694999171
3,340,0,0,0.182677042317
3,341,0,0,1.22662686301
3,342,0,0,0.0704653215124
3,343,0,0,1.4897742036
3,344,0,0,1.03839218865
3,345,0,0,1.13578771309
3,346,0,0,0.623378683707
3,347,0,0,0.196514929421
3,348,0,0,0.176480233968
3,349,0,0,0.728972020704
3,350,0,0,0.436977991231
3,351,0,0,0.499150885128
3,352,0,0,0.562044599062
3,353,0,0,0.100265310407
3,354,0,0,0.584154869738
3,355,0,0,0.80502202845
3,356,0,0,0.800352288069
3,357,0,0,1.17357854184
3,358,0,0,1.02048258309
3,359,0,0,0.841475434353
3,360,0,0,1.38432483846
3,361,0,0,0.642838793712
3,362,0,0,0.648642857672
3,363,0,0,0.851279552476
3,364,0,0,0.866803301715
3,365,0,0,0.386477719753
3,366,0,0,1.34602338685
3,367,0,0,0.463524587114
3,368,0,0,1.06546311663
3,369,0,0,1.36965586882
3,370,0,0,0.367507204769
3,371,0,0,0.914550960902
3,372,0,0,0.157244672901
3,373,0,0,1.29204148326
3,374,0,0,0.849591956304
3,375,0,0,1.02945266169
3,376,0,0,1.21561266847
3,377,0,0,0.400795421377
3,378,0,0,0.622969282048
3,379,0,0,0.0287313940143
3,380,0,0,1.47924915944
3,381,0,0,0.196317699849
3,382,0,0,1.16770735956
3,383,0,0,0.15685153685
3,384,0,0,0.746349215663
3,385,0,0,1.39962983562
3,386,0,0,0.762807101065
3,387,0,0,1.10874860706
3,388,0,0,0.34898970244
3,389,0,0,1.01248123585
3,390,0,0,0.50124369939
3,391,0,0,0.214326988447
3,392,0,0,0.950473573034
3,393,0,0,0.700580722381
3,394,0,0,0.592257670565
3,395,0,0,0.150319048054
3,396,0,0,0.577487518717
3,397,0,0,0.136891855293
3,398,0,0,0.350976383617
3,399,0,0,0.463852544553
3,400,0,0,0.199761772592
4,401,0,0,0.1056465952
4,402,0,0,0.338673548558
4,403,0,0,0.808512271408
4,404,0,0,0.662140315502
4,405,0,0,0.802608979695
4,406,0,0,1.41021901833
4,407,0,0,0.560809238062
4,408,0,0,0.0573637586976
4,409,0,0,0.589396758086
4,410,0,0,0.586260501022
4,411,0,0,0.0918415770275
4,412,0,0,1.24151337431
4,413,0,0,0.0707766723512
4,414,0,0,1.48815641907
4,415,0,0,0.706838122688
4,416,0,0,1.02340713081
4,417,0,0,0.887299782295
4,418,0,0,1.12030243729
4,419,0,0,1.46304249117
4,420,0,0,1.18423818561
4,421,0,0,0.597852383269
4,422,0,0,0.315067510204
4,423,0,0,0.732372419696
4,424,0,0,0.576964773125
4,425,0,0,0.00899185595251
4,426,0,0,0.168285935466
4,427,0,0,1.22482643735
4,428,0,0,0.580887447816
4,429,0,0,0.352388267785
4,430,0,0,0.286328703688
4,431,0,0,0.883319841809
4,432,0,0,0.203061959881
4,433,0,0,1.38149398597
4,434,0,0,1.19651951127
4,435,0,0,0.0871129628965
4,436,0,0,0.668441984889
4,437,0,0,1.33699531895
4,438,0,0,1.49811698818
4,439,0,0,0.326749431962
4,440,0,0,0.714322345698
4,441,0,0,1.45108021201
4,442,0,0,0.619108488775
4,443,0,0,0.840471638793
4,444,0,0,1.03007434009
4,445,0,0,0.0553176757292
4,446,0,0,0.0501151031478
4,447,0,0,0.527978236561
4,448,0,0,1.18826668602
4,449,0,0,1.22994400923
4,450,0,0,0.79249526427
4,451,0,0,1.24379386368
4,452,0,0,1.26344196009
4,453,0,0,0.238478839033
4,454,0,0,0.893263877596
4,455,0,0,0.640230839779
4,456,0,0,0.856225771567
4,457,0,0,0.983381642099
4,458,0,0,1.20692273766
4,459,0,0,0.955627189777
4,460,0,0,0.322800044836
4,461,0,0,0.786515844735
4,462,0,0,0.458937199489
4,463,0,0,0.0695085659015
4,464,0,0,1.46201974336
4,465,0,0,0.171602413537
4,466,0,0,0.550506834355
4,467,0,0,0.993443265296
4,468,0,0,0.720834233766
4,469,0,0,1.1829105879
4,470,0,0,0.108057678141
4,471,0,0,0.459728623138
4,472,0,0,0.0476319950789
4,473,0,0,0.388188182315
4,474,0,0,1.15214783981
4,475,0,0,0.423026748986
4,476,0,0,1.35077209799
4,477,0,0,0.222146753333
4,478,0,0,0.816060613205
4,479,0,0,0.833519697876
4,480,0,0,0.224185474265
4,481,0,0,0.856197108029
4,482,0,0,0.721327715707
4,483,0,0,0.00553691126118
4,484,0,0,1.05770464556
4,485,0,0,0.386050872234
4,486,0,0,0.171718465848
4,487,0,0,0.723917017243
4,488,0,0,0.480465777772
4,489,0,0,0.026472217479
4,490,0,0,0.152487453921
4,491,0,0,0.22083032194
4,492,0,0,0.930087207685
4,493,0,0,0.679361245331
4,494,0,0,0.769232948788
4,495,0,0,1.43233626396
4,496,0,0,0.790819079178
4,497,0,0,1.25780465079
4,498,0,0,1.35793258762
4,499,0,0,0.12730484158
4,500,0,0,0.531742546986
5,501,0,0,1.46733064238
5,502,0,0,1.04501785962
5,503,0,0,0.863977031628
5,504,0,0,0.506040863099
5,505,0,0,0.438080634018
5,506,0,0,1.19269031033
5,507,0,0,1.47994783127
5,508,0,0,0.143944711277
5,509,0,0,0.335303578001
5,510,0,0,0.0328071284091
5,511,0,0,0.0274594725302
5,512,0,0,0.768773803314
5,513,0,0,1.18952849654
5,514,0,0,0.812247601727
5,515,0,0,0.625024371459
5,516,0,0,0.778049163073
5,517,0,0,0.482462584542
5,518,0,0,0.808649426792
5,519,0,0,0.262662325786
5,520,0,0,0.970574780134
5,521,0,0,0.0637968456385
5,522,0,0,1.26815501088
5,523,0,0,0.102172124452
5,524,0,0,0.84310114694
5,525,0,0,0.982795572389
5,526,0,0,0.28797565131
5,527,0,0,0.831824580102
5,528,0,0,0.0197966399451
5,529,0,0,0.980248102252
5,530,0,0,1.17647233064
5,531,0,0,0.500155743297
5,532,0,0,0.0966802475019
5,533,0,0,0.807164893657
5,534,0,0,0.0715948826311
5,535,0,0,1.48815512499
5,536,0,0,0.385107594716
5,537,0,0,1.22877356958
5,538,0,0,1.16309743189
5,539,0,0,1.15630831967
5,540,0,0,0.53894564851
5,541,0,0,1.24047686408
5,542,0,0,1.48895083366
5,543,0,0,1.40811518827
5,544,0,0,1.35600856463
5,545,0,0,0.251916092146
5,546,0,0,0.73599466587
5,547,0,0,1.46204304255
5,548,0,0,0.204953190689
5,549,0,0,0.458909119246
5,550,0,0,0.378050021728
5,551,0,0,1.29263705477
5,552,0,0,1.10315702695
5,553,0,0,0.989864241859
5,554,0,0,0.714910194463
5,555,0,0,0.75728710908
5,556,0,0,0.128377646214
5,557,0,0,0.740914889776
5,558,0,0,0.518805325025
5,559,0,0,1.26084455655
5,560,0,0,1.46952645674
5,561,0,0,1.31839955228
5,562,0,0,0.977342001415
5,563,0,0,0.962248011531
5,564,0,0,1.4478763037
5,565,0,0,0.0934426691283
5,566,0,0,0.860976814893
5,567,0,0,0.566872800514
5,568,0,0,0.192712811823
5,569,0,0,1.19404605339
5,570,0,0,0.347802550616
5,571,0,0,1.27572383169
5,572,0,0,1.24885931609
5,573,0,0,1.49490726365
5,574,0,0,0.215181236984
5,575,0,0,0.0184691803933
5,576,0,0,0.593717853455
5,577,0,0,0.615959815265
5,578,0,0,1.31354378985
5,579,0,0,1.37407825729
5,580,0,0,0.526301114638
5,581,0,0,0.490189495144
5,582,0,0,1.05312816278
5,583,0,0,0.86468181494
5,584,0,0,0.434334455073
5,585,0,0,0.0630218865062
5,586,0,0,0.311452805007
5,587,0,0,1.464012558
5,588,0,0,0.99818318246
5,589,0,0,0.680614826365
5,590,0,0,0.592813473948
5,591,0,0,0.444517131992
5,592,0,0,1.14898647141
5,593,0,0,0.707501994936
5,594,0,0,0.57308450962
5,595,0,0,1.35488638178
5,596,0,0,1.08637642771
5,597,0,0,0.14896115069
5,598,0,0,1.04235980251
5,599,0,0,0.635824070178
5,600,0,0,0.875023343414
6,601,0,0,1.41020212862
6,602,0,0,1.10945716677
6,603,0,0,0.416409461663
6,604,0,0,0.197827083573
6,605,0,0,0.112500709882
6,606,0,0,1.39555734378
6,607,0,0,0.846119143256
6,608,0,0,0.674999934525
6,609,0,0,0.730474481691
6,610,0,0,0.153057006272
6,611,0,0,0.843714504758
6,612,0,0,0.136836619539
6,613,0,0,0.413363452029
6,614,0,0,0.264810136008
6,615,0,0,0.631157961818
6,616,0,0,1.39819446621
6,617,0,0,0.15243512682
6,618,0,0,0.0206723155686
6,619,0,0,1.30465274014
6,620,0,0,0.483173689582
6,621,0,0,0.255266690928
6,622,0,0,0.7995352148
6,623,0,0,0.345561968841
6,624,0,0,0.564798392406
6,625,0,0,0.517908009472
6,626,0,0,1.15110719671
6,627,0,0,0.803558000097
6,628,0,0,0.0427103101661
6,629,0,0,1.15823604479
6,630,0,0,0.957791581352
6,631,0,0,0.681498271056
6,632,0,0,0.794178022891
6,633,0,0,1.04713362106
6,634,0,0,0.846830008574
6,635,0,0,0.566716757424
6,636,0,0,1.03887784502
6,637,0,0,0.34290352355
6,638,0,0,0.149661199503
6,639,0,0,0.60384244947
6,640,0,0,0.995899849528
6,641,0,0,0.122530942808
6,642,0,0,1.14190514275
6,643,0,0,0.176810156387
6,644,0,0,0.241600628806
6,645,0,0,0.192783697298
6,646,0,0,0.0171682020778
6,647,0,0,1.10570028556
6,648,0,0,1.3592719831
6,649,0,0,1.31568663253
6,650,0,0,0.836221820592
6,651,0,0,0.728585901493
6,652,0,0,1.34120201879
6,653,0,0,0.64320687848
6,654,0,0,0.582545156642
6,655,0,0,1.39570433318
6,656,0,0,0.282068527327
6,657,0,0,0.706286326717
6,658,0,0,0.553076622703
6,659,0,0,0.562550460719
6,660,0,0,0.426937007449
6,661,0,0,1.25127007625
6,662,0,0,0.0450894026868
6,663,0,0,0.446490058262
6,664,0,0,0.264703008295
6,665,0,0,1.48913138499
6,666,0,0,1.14001830019
6,667,0,0,0.361717681312
6,668,0,0,0.578604621209
6,669,0,0,1.17170729974
6,670,0,0,1.22612269161
6,671,0,0,0.0638943832288
6,672,0,0,0.91258011416
6,673,0,0,0.58550875247
6,674,0,0,1.01922734537
6,675,0,0,1.28638053797
6,676,0,0,0.570318080475
6,677,0,0,0.258438692458
6,678,0,0,0.499682749214
6,679,0,0,1.06847608293
6,680,0,0,1.19754561371
6,681,0,0,0.997386447336
6,682,0,0,1.19729349242
6,683,0,0,0.118964547099
6,684,0,0,1.38545208303
6,685,0,0,0.97045400175
6,686,0,0,0.293941701859
6,687,0,0,0.993003290103
6,688,0,0,1.40928124963
6,689,0,0,1.22413822129
6,690,0,0,0.132386446511
6,691,0,0,0.108780355248
6,692,0,0,0.0510648622973
6,693,0,0,0.35426183812
6,694,0,0,0.59895626237
6,695,0,0,0.258282441205
6,696,0,0,0.38950650001
6,697,0,0,1.06902917566
6,698,0,0,1.00471730055
6,699,0,0,1.17311498588
6,700,0,0,0.298862223687
7,701,0,0,0.364962300675
7,702,0,0,0.876794368367
7,703,0,0,1.41038369771
7,704,0,0,0.85271028296
7,705,0,0,0.0772439796676
7,706,0,0,0.524749088628
7,707,0,0,0.274919223905
7,708,0,0,0.201472128715
7,709,0,0,1.03346946388
7,710,0,0,1.4110023978
7,711,0,0,0.295795588033
7,712,0,0,0.20649235378
7,713,0,0,1.38403749828
7,714,0,0,0.145127283222
7,715,0,0,0.818817513096
7,716,0,0,0.621306431755
7,717,0,0,1.49970503894
7,718,0,0,0.655281308628
7,719,0,0,0.421904325426
7,720,0,0,0.715354521398
7,721,0,0,1.19255640487
7,722,0,0,0.22280097149
7,723,0,0,0.492435372326
7,724,0,0,0.418074619603
7,725,0,0,0.156585135413
7,726,0,0,0.60367325053
7,727,0,0,1.17130669138
7,728,0,0,0.778987126526
7,729,0,0,1.10891213009
7,730,0,0,0.346326501336
7,731,0,0,1.17266338623
7,732,0,0,0.583778784495
7,733,0,0,0.152896327129
7,734,0,0,0.399978525772
7,735,0,0,1.2245514521
7,736,0,0,1.08755332098
7,737,0,0,0.243427756207
7,738,0,0,0.0929448249254
7,739,0,0,0.0789544063948
7,740,0,0,1.1434520015
7,741,0,0,0.393963975932
7,742,0,0,1.3976877018
7,743,0,0,0.482572004725
7,744,0,0,1.17093310147
7,745,0,0,0.954430390916
7,746,0,0,1.02999490798
7,747,0,0,0.237312156875
7,748,0,0,1.32555221647
7,749,0,0,0.988037124887
7,750,0,0,1.26029592229
7,751,0,0,0.547879402443
7,752,0,0,1.21285687633
7,753,0,0,0.783574992807
7,754,0,0,1.03074661644
7,755,0,0,0.484876543943
7,756,0,0,1.00349349274
7,757,0,0,0.921839322866
7,758,0,0,1.27437761401
7,759,0,0,0.852600472998
7,760,0,0,1.07660496198
7,761,0,0,1.48208836302
7,762,0,0,0.205124807291
7,763,0,0,0.662593291967
7,764,0,0,1.05503142647
7,765,0,0,0.0919917014489
7,766,0,0,0.0503414440816
7,767,0,0,1.01447666611
7,768,0,0,0.956547328778
7,769,0,0,1.1850892046
7,770,0,0,0.556954897254
7,771,0,0,0.136415173095
7,772,0,0,0.0253493106948
7,773,0,0,0.53127270292
7,774,0,0,1.39442569624
7,775,0,0,1.03414026447
7,776,0,0,1.40878532467
7,777,0,0,0.384917690735
7,778,0,0,0.245810764687
7,779,0,0,0.360950591661
7,780,0,0,1.37029232934
7,781,0,0,0.124101752218
7,782,0,0,1.20107030861
7,783,0,0,1.12275184159
7,784,0,0,1.01976675652
7,785,0,0,0.336788316665
7,786,0,0,0.748113714359
7,787,0,0,0.760265848206
7,788,0,0,0.814754994581
7,789,0,0,0.771655464509
7,790,0,0,1.18541575283
7,791,0,0,0.917503276339
7,792,0,0,0.112909835909
7,793,0,0,1.33154229623
7,794,0,0,0.343689549427
7,795,0,0,0.671984204585
7,796,0,0,0.770529237552
7,797,0,0,1.40279950851
7,798,0,0,0.0562501421098
7,799,0,0,0.413978480325
7,800,0,0,1.15409341013
8,801,0,0,1.44303027725
8,802,0,0,0.0237296301022
8,803,0,0,0.806530775184
8,804,0,0,0.174628067125
8,805,0,0,1.28227151544
8,806,0,0,0.0383002689591
8,807,0,0,0.489719530913
8,808,0,0,0.98356406953
8,809,0,0,0.616800480404
8,810,0,0,0.846619502554
8,811,0,0,0.983557926255
8,812,0,0,0.521275203548
8,813,0,0,0.787733549997
8,814,0,0,0.416973961124
8,815,0,0,1.46067809642
8,816,0,0,0.419937042289
8,817,0,0,1.20496318224
8,818,0,0,0.290720678967
8,819,0,0,1.08851980035
8,820,0,0,1.41766160879
8,821,0,0,0.3272923466
8,822,0,0,0.192476784946
8,823,0,0,0.0289950364888
8,824,0,0,0.0876866178852
8,825,0,0,1.41971398731
8,826,0,0,0.302347116578
8,827,0,0,1.01676045469
8,828,0,0,0.959383169808
8,829,0,0,0.445953200251
8,830,0,0,0.737271990403
8,831,0,0,1.1344716361
8,832,0,0,1.29141040818
8,833,0,0,0.762744443257
8,834,0,0,0.144664260849
8,835,0,0,0.44667074702
8,836,0,0,0.661559699056
8,837,0,0,0.305994641712
8,838,0,0,0.644072728104
8,839,0,0,0.48867014887
8,840,0,0,0.962348455973
8,841,0,0,0.922817229835
8,842,0,0,1.22910500801
8,843,0,0,1.19452531318
8,844,0,0,1.25521122564
8,845,0,0,1.45325212216
8,846,0,0,1.41117884434
8,847,0,0,0.64106360254
8,848,0,0,0.85461517799
8,849,0,0,1.41366274364
8,850,0,0,0.0499989917047
8,851,0,0,0.505003499576
8,852,0,0,1.39136022698
8,853,0,0,0.641372767746
8,854,0,0,1.21635181757
8,855,0,0,0.89504922755
8,856,0,0,0.801882164152
8,857,0,0,0.587870704611
8,858,0,0,0.512004662384
8,859,0,0,1.01725898326
8,860,0,0,0.578270634438
8,861,0,0,0.144731831593
8,862,0,0,1.45591188043
8,863,0,0,0.857436223389
8,864,0,0,0.653099893779
8,865,0,0,0.777405359311
8,866,0,0,0.188009205635
8,867,0,0,0.121153157759
8,868,0,0,0.383115197961
8,869,0,0,1.36121313401
8,870,0,0,0.787780715278
8,871,0,0,0.216295346991
8,872,0,0,1.21298795445
8,873,0,0,0.754255142263
8,874,0,0,1.46413203985
8,875,0,0,1.09441872219
8,876,0,0,0.649396929917
8,877,0,0,1.39370518696
8,878,0,0,0.858319185067
8,879,0,0,0.373443903336
8,880,0,0,1.02181796061
8,881,0,0,0.923014519803
8,882,0,0,0.867432641205
8,883,0,0,1.19823272234
8,884,0,0,0.744475877561
8,885,0,0,0.921970442149
8,886,0,0,0.543986374967
8,887,0,0,0.440909617703
8,888,0,0,0.11090553425
8,889,0,0,1.39799167564
8,890,0,0,1.46719005497
8,891,0,0,1.31625600558
8,892,0,0,0.0970352695197
8,893,0,0,1.36546988325
8,894,0,0,0.603755960082
8,895,0,0,1.01398950857
8,896,0,0,0.80222608408
8,897,0,0,1.3233417276
8,898,0,0,1.16401745728
8,899,0,0,0.423716792116
8,900,0,0,1.07250523156
9,901,0,0,0.391133357872
9,902,0,0,0.952819133379
9,903,0,0,0.454200119359
9,904,0,0,0.0679933490637
9,905,0,0,0.186160019177
9,906,0,0,0.100277399638
9,907,0,0,1.39278242235
9,908,0,0,1.14914751206
9,909,0,0,1.14393838646
9,910,0,0,1.21744681365
9,911,0,0,1.14265045378
9,912,0,0,0.417917439967
9,913,0,0,0.274525051189
9,914,0,0,1.22633931673
9,915,0,0,0.97093118911
9,916,0,0,0.640463496321
9,917,0,0,0.560348422685
9,918,0,0,0.656568810859
9,919,0,0,0.546504093214
9,920,0,0,1.36684708404
9,921,0,0,1.00009115647
9,922,0,0,0.239730488825
9,923,0,0,0.782917736669
9,924,0,0,0.332465073108
9,925,0,0,1.35576148015
9,926,0,0,1.12670653065
9,927,0,0,0.494363457027
9,928,0,0,0.363689415893
9,929,0,0,1.16045782291
9,930,0,0,0.130359849461
9,931,0,0,1.27213808939
9,932,0,0,0.787504473007
9,933,0,0,0.0672049031567
9,934,0,0,0.841402959987
9,935,0,0,1.28444425752
9,936,0,0,0.477448498964
9,937,0,0,1.46266737962
9,938,0,0,1.00583356237
9,939,0,0,0.989105927358
9,940,0,0,0.0722990410359
9,941,0,0,0.77645654612
9,942,0,0,1.23439417394
9,943,0,0,0.369913851368
9,944,0,0,1.07576170096
9,945,0,0,0.0702058220084
9,946,0,0,1.45691804363
9,947,0,0,0.816028850976
9,948,0,0,0.321564889301
9,949,0,0,1.20235688076
9,950,0,0,0.810039157988
9,951,0,0,0.0633179973802
9,952,0,0,0.11126959074
9,953,0,0,0.427871236059
9,954,0,0,1.16908211297
9,955,0,0,0.0203552979892
9,956,0,0,0.614721673457
9,957,0,0,0.456805611694
9,958,0,0,0.805193020779
9,959,0,0,1.47672382137
9,960,0,0,1.28453804623
9,961,0,0,0.453771481103
9,962,0,0,0.413081188085
9,963,0,0,0.50550946811
9,964,0,0,0.611069662062
9,965,0,0,1.26963721491
9,966,0,0,0.660447194041
9,967,0,0,0.0113428705538
9,968,0,0,1.36267367238
9,969,0,0,0.496850454284
9,970,0,0,0.305544851328
9,971,0,0,0.358316760368
9,972,0,0,1.24638786554
9,973,0,0,1.0471359152
9,974,0,0,0.576956143247
9,975,0,0,0.326328948978
9,976,0,0,0.552161462714
9,977,0,0,0.461724501295
9,978,0,0,1.29397129172
9,979,0,0,0.255260112034
9,980,0,0,0.101993099562
9,981,0,0,0.931000175701
9,982,0,0,0.82615820468
9,983,0,0,0.0710393112467
9,984,0,0,0.88175605925
9,985,0,0,0.605509983783
9,986,0,0,1.03460144875
9,987,0,0,0.295042114447
9,988,0,0,0.508724705177
9,989,0,0,0.63814155265
9,990,0,0,0.723698668745
9,991,0,0,1.31545058654
9,992,0,0,1.37426743093
9,993,0,0,0.518141798221
9,994,0,0,0.380759828094
9,995,0,0,1.2319553839
9,996,0,0,1.02420162369
9,997,0,0,1.06995358434
9,998,0,0,1.44954807907
9,999,0,0,0.963159521012
9,1000,0,0,0.666164521483
