Generation,Indiv,Father,Mother,EBV
0,1,0,0,1.34514128508
0,2,0,0,0.357411389641
0,3,0,0,0.0452709501493
0,4,0,0,0.192250538305
0,5,0,0,0.430072706854
0,6,0,0,1.23870391801
0,7,0,0,0.591242936146
0,8,0,0,1.31560674458
0,9,0,0,0.902126689575
0,10,0,0,0.216586112494
0,11,0,0,1.44911537046
0,12,0,0,0.514722697048
0,13,0,0,0.168375171444
0,14,0,0,1.26810898264
0,15,0,0,1.10342993451
0,16,0,0,0.158940494663
0,17,0,0,0.329869752117
0,18,0,0,1.18765079616
0,19,0,0,0.696040590481
0,20,0,0,0.708782473798
0,21,0,0,0.373701599014
0,22,0,0,0.593609016049
0,23,0,0,0.642138255336
0,24,0,0,0.782886998269
0,25,0,0,1.10701337242
0,26,0,0,0.528449293099
0,27,0,0,1.12170018989
0,28,0,0,0.715820382419
0,29,0,0,1.09244274164
0,30,0,0,1.08837780651
0,31,0,0,0.869834381197
0,32,0,0,1.20386877161
0,33,0,0,0.153227353718
0,34,0,0,1.20969205215
0,35,0,0,0.336819128845
0,36,0,0,0.370295727882
0,37,0,0,0.381368734329
0,38,0,0,0.838814607592
0,39,0,0,0.39473604384
0,40,0,0,1.1794020366
0,41,0,0,0.878738727181
0,42,0,0,0.624674619791
0,43,0,0,1.10026689573
0,44,0,0,0.952153540584
0,45,0,0,0.355557951665
0,46,0,0,0.321939095277
0,47,0,0,1.11797577319
0,48,0,0,0.751651230538
0,49,0,0,0.0080307926829
0,50,0,0,0.8360511977
0,51,0,0,0.861300578572
0,52,0,0,1.21974473332
0,53,0,0,0.324911326122
0,54,0,0,0.00941965030057
0,55,0,0,1.19001006653
0,56,0,0,1.07380221022
0,57,0,0,0.396887091402
0,58,0,0,0.728760014596
0,59,0,0,0.663507271173
0,60,0,0,0.945949155582
0,61,0,0,0.992082238007
0,62,0,0,1.342520044
0,63,0,0,0.727549765114
0,64,0,0,0.990663077859
0,65,0,0,0.0177905364073
0,66,0,0,1.17877958379
0,67,0,0,1.43633063099
0,68,0,0,0.242128974544
0,69,0,0,0.220567183752
0,70,0,0,1.17592342202
0,71,0,0,0.0146258738758
0,72,0,0,0.223763458914
0,73,0,0,0.0826911492081
0,74,0,0,1.38146209829
0,75,0,0,0.754881441817
0,76,0,0,0.662436279702
0,77,0,0,1.09709105691
0,78,0,0,1.17101719521
0,79,0,0,0.81649267963
0,80,0,0,1.16195584652
0,81,0,0,1.040438846
0,82,0,0,0.0776715630396
0,83,0,0,0.346552175738
0,84,0,0,0.835389217519
0,85,0,0,0.856664591711
0,86,0,0,0.151448060836
0,87,0,0,0.519091220705
0,88,0,0,1.2435705967
0,89,0,0,0.633446431821
0,90,0,0,0.657453695783
0,91,0,0,1.17802468602
0,92,0,0,1.05042760757
0,93,0,0,1.28740026074
0,94,0,0,0.268416040433
0,95,0,0,0.634541462472
0,96,0,0,0.856296492561
0,97,0,0,0.116290996231
0,98,0,0,0.295640724492
0,99,0,0,1.44245114585
0,100,0,0,0.28868240019
1,101,0,0,0.123372254886
1,102,0,0,0.0127672040907
1,103,0,0,0.561732642218
1,104,0,0,0.764304110546
1,105,0,0,0.402773329311
1,106,0,0,0.0303412662646
1,107,0,0,0.505509830549
1,108,0,0,0.771676750245
1,109,0,0,1.11594995355
1,110,0,0,0.506955217546
1,111,0,0,0.670515008732
1,112,0,0,0.08065285558
1,113,0,0,0.444922353772
1,114,0,0,0.908456889961
1,115,0,0,0.376862069614
1,116,0,0,0.24625145652
1,117,0,0,1.30107430282
1,118,0,0,0.971106920402
1,119,0,0,0.810796382843
1,120,0,0,0.85667415402
1,121,0,0,1.33521324705
1,122,0,0,1.36389053787
1,123,0,0,0.935596927583
1,124,0,0,0.0890940326594
1,125,0,0,0.46929430146
1,126,0,0,1.02514038482
1,127,0,0,0.102561269441
1,128,0,0,0.127297440841
1,129,0,0,0.0211999717345
1,130,0,0,0.0468569139473
1,131,0,0,0.0863150456748
1,132,0,0,0.0594517951728
1,133,0,0,0.379890935899
1,134,0,0,1.32245128547
1,135,0,0,0.512328757262
1,136,0,0,1.42561069258
1,137,0,0,0.286799798213
1,138,0,0,0.77021674845
1,139,0,0,0.480501632604
1,140,0,0,1.08341195465
1,141,0,0,1.26173471221
1,142,0,0,1.28210275318
1,143,0,0,0.282019822047
1,144,0,0,0.890014444713
1,145,0,0,1.302674544
1,146,0,0,0.243313408152
1,147,0,0,1.43612236104
1,148,0,0,0.441243393931
1,149,0,0,0.0934607970099
1,150,0,0,0.165736693494
1,151,0,0,0.478357300232
1,152,0,0,0.7578227519
1,153,0,0,0.737223881242
1,154,0,0,0.19271830365
1,155,0,0,0.0110882017474
1,156,0,0,0.652686038622
1,157,0,0,0.454662312692
1,158,0,0,1.47787925576
1,159,0,0,1.26998559239
1,160,0,0,0.778092623291
1,161,0,0,1.01322026916
1,162,0,0,1.04823312876
1,163,0,0,0.0131697151602
1,164,0,0,1.20824483862
1,165,0,0,0.670152284541
1,166,0,0,0.238994412379
1,167,0,0,0.243623115722
1,168,0,0,0.795500419331
1,169,0,0,1.09217031472
1,170,0,0,0.968526155349
1,171,0,0,0.542240658805
1,172,0,0,0.386886864908
1,173,0,0,0.222639648763
1,174,0,0,0.261391231833
1,175,0,0,0.31217918558
1,176,0,0,0.361603599154
1,177,0,0,1.36122563358
1,178,0,0,1.15042969586
1,179,0,0,0.405830824252
1,180,0,0,1.01330530828
1,181,0,0,0.575211514279
1,182,0,0,1.48722990599
1,183,0,0,0.911804058975
1,184,0,0,0.876766278842
1,185,0,0,0.490845917208
1,186,0,0,1.23088304823
1,187,0,0,0.23789485337
1,188,0,0,0.867839011251
1,189,0,0,0.89244754044
1,190,0,0,0.212120360652
1,191,0,0,0.787266348017
1,192,0,0,1.27020270322
1,193,0,0,1.21632361593
1,194,0,0,0.162113669389
1,195,0,0,0.869805679597
1,196,0,0,0.746628586243
1,197,0,0,1.25256694167
1,198,0,0,0.855341331659
1,199,0,0,1.27032526072
1,200,0,0,1.14904537556
2,201,0,0,0.638980002183
2,202,0,0,0.391313130174
2,203,0,0,1.15663884748
2,204,0,0,1.20202087697
2,205,0,0,0.934916524143
2,206,0,0,0.0411069713816
2,207,0,0,1.37161846748
2,208,0,0,1.27192138157
2,209,0,0,0.202256910332
2,210,0,0,1.1767471064
2,211,0,0,1.39355048916
2,212,0,0,0.476280654773
2,213,0,0,0.509906535182
2,214,0,0,1.03641396285
2,215,0,0,0.233538551723
2,216,0,0,1.20131234837
2,217,0,0,0.63514363754
2,218,0,0,1.15875556419
2,219,0,0,0.395485068883
2,220,0,0,0.420022418912
2,221,0,0,0.155333573369
2,222,0,0,0.46837699154
2,223,0,0,1.20941540461
2,224,0,0,1.32707647691
2,225,0,0,0.573971259016
2,226,0,0,0.866256167478
2,227,0,0,0.648494435739
2,228,0,0,0.890133194969
2,229,0,0,0.958635276693
2,230,0,0,1.02174133042
2,231,0,0,1.45949404999
2,232,0,0,1.09840567658
2,233,0,0,1.22641485058
2,234,0,0,0.188303606336
2,235,0,0,0.74777292719
2,236,0,0,0.847938745145
2,237,0,0,0.972574905303
2,238,0,0,0.443099236425
2,239,0,0,1.37037466847
2,240,0,0,1.04365121569
2,241,0,0,0.0316081421322
2,242,0,0,0.42443316447
2,243,0,0,1.15149160685
2,244,0,0,1.36435333292
2,245,0,0,0.364964621954
2,246,0,0,0.871315515399
2,247,0,0,1.1695778095
2,248,0,0,0.153216368442
2,249,0,0,0.719125160445
2,250,0,0,0.40489985394
2,251,0,0,1.00314888004
2,252,0,0,1.39366079924
2,253,0,0,0.0437086688998
2,254,0,0,1.47379887755
2,255,0,0,0.961427962655
2,256,0,0,0.454188970464
2,257,0,0,1.45525322305
2,258,0,0,0.136068437752
2,259,0,0,0.678525346555
2,260,0,0,1.1525533526
2,261,0,0,1.38659702066
2,262,0,0,1.42654426405
2,263,0,0,1.05852674641
2,264,0,0,1.05544552881
2,265,0,0,0.00435556227722
2,266,0,0,0.737032505536
2,267,0,0,1.09845097262
2,268,0,0,1.26721143892
2,269,0,0,0.0541845469198
2,270,0,0,0.395052007512
2,271,0,0,0.110714336819
2,272,0,0,0.955811611901
2,273,0,0,1.14464475535
2,274,0,0,0.380719090506
2,275,0,0,1.32811377132
2,276,0,0,0.379571591554
2,277,0,0,0.110935300949
2,278,0,0,1.24948273973
2,279,0,0,0.416076391897
2,280,0,0,1.37935004562
2,281,0,0,0.966421414186
2,282,0,0,0.0422207454864
2,283,0,0,0.742043588137
2,284,0,0,1.46568528649
2,285,0,0,1.33709204016
2,286,0,0,0.0884788518121
2,287,0,0,0.550379524859
2,288,0,0,1.13550203803
2,289,0,0,0.798711933838
2,290,0,0,0.0451166323609
2,291,0,0,1.46661797003
2,292,0,0,0.89552769662
2,293,0,0,0.463999572806
2,294,0,0,1.34761247399
2,295,0,0,0.531904494069
2,296,0,0,0.154279324677
2,297,0,0,1.48088750881
2,298,0,0,1.04850851427
2,299,0,0,0.589785590623
2,300,0,0,0.495628778321
3,301,0,0,0.352766523822
3,302,0,0,1.03841660718
3,303,0,0,0.330905974028
3,304,0,0,1.20110612197
3,305,0,0,0.863382223698
3,306,0,0,1.3586255019
3,307,0,0,0.723797621264
3,308,0,0,0.98661927328
3,309,0,0,0.290878207136
3,310,0,0,0.683090426567
3,311,0,0,0.934126160948
3,312,0,0,0.127787029384
3,313,0,0,0.460025033276
3,314,0,0,0.0140431672714
3,315,0,0,1.08119571398
3,316,0,0,0.618719831013
3,317,0,0,1.04893931684
3,318,0,0,0.156318564061
3,319,0,0,1.05004328641
3,320,0,0,1.2597813913
3,321,0,0,0.825734415115
3,322,0,0,1.27753638913
3,323,0,0,0.798645604784
3,324,0,0,0.576534629257
3,325,0,0,1.37385717781
3,326,0,0,0.931601954804
3,327,0,0,0.565324426879
3,328,0,0,0.66016543783
3,329,0,0,0.859424562069
3,330,0,0,0.790907433007
3,331,0,0,1.13748747849
3,332,0,0,0.522354323241
3,333,0,0,1.24053611091
3,334,0,0,0.75441653445
3,335,0,0,0.705405645069
3,336,0,0,0.598569437733
3,337,0,0,0.112916524101
3,338,0,0,1.22689917311
3,339,0,0,1.05428473963
3,340,0,0,0.03216806277
3,341,0,0,0.0806615185973
3,342,0,0,1.11770236896
3,343,0,0,1.48449589333
3,344,0,0,0.172623522549
3,345,0,0,1.27432499005
3,346,0,0,1.06011492559
3,347,0,0,0.055930491491
3,348,0,0,0.758197943667
3,349,0,0,0.783600476403
3,350,0,0,1.13520836289
3,351,0,0,1.29500039615
3,352,0,0,0.626247693078
3,353,0,0,0.132935878034
3,354,0,0,0.47830343123
3,355,0,0,0.748701952963
3,356,0,0,0.543351946322
3,357,0,0,1.02701616555
3,358,0,0,0.743176938483
3,359,0,0,0.204321916322
3,360,0,0,0.0368718486156
3,361,0,0,0.119529229539
3,362,0,0,0.542200560512
3,363,0,0,0.563600243021
3,364,0,0,0.22041602941
3,365,0,0,0.459076069346
3,366,0,0,0.491115688004
3,367,0,0,0.12692508523
3,368,0,0,0.604968983591
3,369,0,0,0.834225246929
3,370,0,0,0.539753155387
3,371,0,0,1.25666806504
3,372,0,0,0.0878129875328
3,373,0,0,1.43828366083
3,374,0,0,0.463585155101
3,375,0,0,0.27256314665
3,376,0,0,0.119763230929
3,377,0,0,0.950257263446
3,378,0,0,1.42931932898
3,379,0,0,1.41748573411
3,380,0,0,1.45742216987
3,381,0,0,1.16540843106
3,382,0,0,0.926595771115
3,383,0,0,1.28083743432
3,384,0,0,0.561388650361
3,385,0,0,1.4655605088
3,386,0,0,1.11311513375
3,387,0,0,0.489651722832
3,388,0,0,1.44874266753
3,389,0,0,1.31985896508
3,390,0,0,0.22538029598
3,391,0,0,0.241121619814
3,392,0,0,1.25415584237
3,393,0,0,0.725146450366
3,394,0,0,0.103009392364
3,395,0,0,1.07864286684
3,396,0,0,0.740285029645
3,397,0,0,0.333396636004
3,398,0,0,1.03821655773
3,399,0,0,0.572687665953
3,400,0,0,0.364267843207
4,401,0,0,0.586363096366
4,402,0,0,0.38863111209
4,403,0,0,1.33608973849
4,404,0,0,0.0948913880902
4,405,0,0,0.900138090874
4,406,0,0,0.071516172581
4,407,0,0,1.15678388456
4,408,0,0,0.70492536011
4,409,0,0,0.915888580591
4,410,0,0,1.07327038938
4,411,0,0,0.468039166244
4,412,0,0,0.303623546433
4,413,0,0,0.356327337008
4,414,0,0,0.550352181106
4,415,0,0,0.815546127077
4,416,0,0,0.590010282971
4,417,0,0,1.12202427777
4,418,0,0,1.10597598813
4,419,0,0,0.962558529486
4,420,0,0,0.441726785421
4,421,0,0,1.10471688289
4,422,0,0,0.683691312451
4,423,0,0,0.606879210076
4,424,0,0,1.10574364928
4,425,0,0,0.497256187603
4,426,0,0,0.9738610156
4,427,0,0,0.754122857799
4,428,0,0,0.897838944851
4,429,0,0,0.0908811826791
4,430,0,0,1.41320683164
4,431,0,0,1.04468899915
4,432,0,0,1.38485221615
4,433,0,0,0.47911608257
4,434,0,0,0.806563837772
4,435,0,0,1.06933702861
4,436,0,0,0.48901257486
4,437,0,0,0.874387410348
4,438,0,0,0.0377422519015
4,439,0,0,0.0411811788651
4,440,0,0,0.932687960377
4,441,0,0,1.4237516761
4,442,0,0,0.862591770036
4,443,0,0,1.18248264588
4,444,0,0,0.311588771541
4,445,0,0,1.00844482517
4,446,0,0,0.114049484428
4,447,0,0,0.505937845731
4,448,0,0,0.906221246471
4,449,0,0,1.25549633722
4,450,0,0,0.913235115558
4,451,0,0,0.312533547357
4,452,0,0,0.900552652645
4,453,0,0,1.42054877992
4,454,0,0,0.7889293023
4,455,0,0,1.00751905372
4,456,0,0,0.982310534795
4,457,0,0,1.10612409854
4,458,0,0,1.42379605684
4,459,0,0,0.372566916022
4,460,0,0,1.01509587868
4,461,0,0,1.3702784053
4,462,0,0,1.46353850191
4,463,0,0,1.28028727476
4,464,0,0,0.978608788142
4,465,0,0,0.674782797822
4,466,0,0,0.906396012376
4,467,0,0,1.03798143259
4,468,0,0,0.259029036543
4,469,0,0,1.49805360847
4,470,0,0,1.3862441302
4,471,0,0,0.6484149693
4,472,0,0,0.8464534133
4,473,0,0,1.41434463809
4,474,0,0,1.07221636457
4,475,0,0,0.819078135269
4,476,0,0,0.316676411986
4,477,0,0,0.329013887196
4,478,0,0,0.668115388109
4,479,0,0,1.41454240005
4,480,0,0,1.09443379989
4,481,0,0,0.44841209922
4,482,0,0,1.04201253215
4,483,0,0,1.480698903
4,484,0,0,1.412616673
4,485,0,0,1.31459257784
4,486,0,0,0.229421109065
4,487,0,0,0.973905679421
4,488,0,0,1.14107870611
4,489,0,0,0.36210718218
4,490,0,0,1.20803845423
4,491,0,0,0.00447595790982
4,492,0,0,0.124878790338
4,493,0,0,0.421128868789
4,494,0,0,0.919439595095
4,495,0,0,0.647486874907
4,496,0,0,0.231704804525
4,497,0,0,0.0641915218214
4,498,0,0,0.865560375979
4,499,0,0,0.38603247866
4,500,0,0,0.38802019537
5,501,0,0,0.788299838306
5,502,0,0,0.991898709121
5,503,0,0,1.09419813465
5,504,0,0,0.117962467966
5,505,0,0,0.714604650003
5,506,0,0,0.497402999169
5,507,0,0,1.05048371343
5,508,0,0,1.04078901011
5,509,0,0,1.24342958349
5,510,0,0,1.0628162953
5,511,0,0,0.533249027287
5,512,0,0,0.394499628921
5,513,0,0,1.38707528715
5,514,0,0,0.944829408649
5,515,0,0,0.785648788599
5,516,0,0,1.16186070142
5,517,0,0,0.450684702004
5,518,0,0,0.287441338529
5,519,0,0,0.0667927287159
5,520,0,0,0.691728070357
5,521,0,0,0.0572703544034
5,522,0,0,0.905170154409
5,523,0,0,1.19101805693
5,524,0,0,0.676852514461
5,525,0,0,1.47498605693
5,526,0,0,0.482052041593
5,527,0,0,0.958401893291
5,528,0,0,0.868066535675
5,529,0,0,1.2642439199
5,530,0,0,0.909482560125
5,531,0,0,0.207153375123
5,532,0,0,0.448464380246
5,533,0,0,1.06822692544
5,534,0,0,1.09077866286
5,535,0,0,0.242874296999
5,536,0,0,1.27700816202
5,537,0,0,0.289856188724
5,538,0,0,0.75420295343
5,539,0,0,0.869780193181
5,540,0,0,0.318280129257
5,541,0,0,0.936587109474
5,542,0,0,1.49530267774
5,543,0,0,0.413379840262
5,544,0,0,0.166490060109
5,545,0,0,1.48356561615
5,546,0,0,1.19097601226
5,547,0,0,0.882942620877
5,548,0,0,1.11463303934
5,549,0,0,1.3553545443
5,550,0,0,0.0113399507173
5,551,0,0,1.17755475263
5,552,0,0,1.29939378414
5,553,0,0,1.17162518545
5,554,0,0,0.63413980715
5,555,0,0,0.713288988666
5,556,0,0,1.38851088011
5,557,0,0,1.22978963329
5,558,0,0,1.23684182316
5,559,0,0,0.513765994095
5,560,0,0,0.337028687437
5,561,0,0,1.22446390439
5,562,0,0,1.25442237114
5,563,0,0,0.582895011767
5,564,0,0,0.825108975393
5,565,0,0,1.46347256688
5,566,0,0,0.511182453231
5,567,0,0,0.60580407443
5,568,0,0,1.35330412449
5,569,0,0,0.360975616039
5,570,0,0,1.02619995562
5,571,0,0,0.60211797686
5,572,0,0,0.83905539149
5,573,0,0,0.322208222933
5,574,0,0,0.267067781819
5,575,0,0,1.20200737776
5,576,0,0,1.16007335697
5,577,0,0,1.39813204493
5,578,0,0,0.670467257298
5,579,0,0,0.7692700061
5,580,0,0,1.05470862812
5,581,0,0,0.686985429486
5,582,0,0,1.01488374393
5,583,0,0,1.35181713142
5,584,0,0,1.23029795487
5,585,0,0,0.258280789149
5,586,0,0,1.36133612234
5,587,0,0,1.18003644659
5,588,0,0,0.612920302185
5,589,0,0,0.739913566668
5,590,0,0,0.982294028756
5,591,0,0,0.536915147052
5,592,0,0,0.758666976897
5,593,0,0,0.89459651772
5,594,0,0,1.34345621475
5,595,0,0,0.0818518836498
5,596,0,0,0.354698201062
5,597,0,0,0.444665143866
5,598,0,0,0.391826488844
5,599,0,0,1.00553686029
5,600,0,0,0.455167014346
6,601,0,0,0.938158376034
6,602,0,0,1.4078863671
6,603,0,0,0.546078843451
6,604,0,0,0.856448831336
6,605,0,0,0.0504472353487
6,606,0,0,0.791830269327
6,607,0,0,0.455295740273
6,608,0,0,0.293466004276
6,609,0,0,0.460006340536
6,610,0,0,0.0383961614566
6,611,0,0,0.875001817743
6,612,0,0,1.28029252716
6,613,0,0,0.26916686016
6,614,0,0,0.0909126410662
6,615,0,0,0.221304917908
6,616,0,0,1.15966498349
6,617,0,0,0.291019214989
6,618,0,0,1.48755895514
6,619,0,0,0.234843265217
6,620,0,0,0.0667093781585
6,621,0,0,1.06729755297
6,622,0,0,0.301224783017
6,623,0,0,1.36285180108
6,624,0,0,0.497061282589
6,625,0,0,0.330742631054
6,626,0,0,1.23383191552
6,627,0,0,0.916832248715
6,628,0,0,1.15042437651
6,629,0,0,0.481421367905
6,630,0,0,0.214611715755
6,631,0,0,0.595758960633
6,632,0,0,0.339247869386
6,633,0,0,0.0407082354268
6,634,0,0,0.26918377548
6,635,0,0,0.640999214182
6,636,0,0,0.694858436227
6,637,0,0,0.240047784271
6,638,0,0,1.31395397587
6,639,0,0,0.911050705719
6,640,0,0,0.110087618622
6,641,0,0,0.144756059979
6,642,0,0,0.365788745835
6,643,0,0,0.905561144909
6,644,0,0,0.959126741709
6,645,0,0,0.617746873805
6,646,0,0,0.282427504662
6,647,0,0,0.934716077346
6,648,0,0,0.404276030545
6,649,0,0,0.534234146633
6,650,0,0,0.57369131565
6,651,0,0,0.395719539845
6,652,0,0,0.895291782061
6,653,0,0,0.0806920670061
6,654,0,0,1.13018854227
6,655,0,0,0.310351531181
6,656,0,0,0.234397188404
6,657,0,0,0.773343870399
6,658,0,0,0.426705942972
6,659,0,0,0.610399324459
6,660,0,0,1.37112358509
6,661,0,0,0.210310394982
6,662,0,0,0.0564536845597
6,663,0,0,0.823199952189
6,664,0,0,0.529968402061
6,665,0,0,1.36367301298
6,666,0,0,1.25198982557
6,667,0,0,0.97587636789
6,668,0,0,0.847073585346
6,669,0,0,0.547802287007
6,670,0,0,1.46400257012
6,671,0,0,1.43052441116
6,672,0,0,0.493103269785
6,673,0,0,0.180824532977
6,674,0,0,0.0290752395092
6,675,0,0,0.427067705958
6,676,0,0,0.548941835705
6,677,0,0,0.412456783972
6,678,0,0,0.0173452702464
6,679,0,0,0.772720616434
6,680,0,0,1.34812864941
6,681,0,0,0.0502726023601
6,682,0,0,1.10355333523
6,683,0,0,0.928262171806
6,684,0,0,0.0721420483083
6,685,0,0,0.889646279471
6,686,0,0,0.778231522059
6,687,0,0,0.308763121813
6,688,0,0,1.46300804203
6,689,0,0,1.19408539467
6,690,0,0,0.180464051268
6,691,0,0,1.29552219413
6,692,0,0,0.0802554404183
6,693,0,0,0.891158080306
6,694,0,0,0.839665712115
6,695,0,0,0.679921099359
6,696,0,0,0.312156268537
6,697,0,0,0.768879034724
6,698,0,0,1.35981457871
6,699,0,0,1.14848160164
6,700,0,0,0.0230018264433
7,701,0,0,0.707218676152
7,702,0,0,0.687219758655
7,703,0,0,1.38086986208
7,704,0,0,1.08045496295
7,705,0,0,1.23508121484
7,706,0,0,0.977694745905
7,707,0,0,0.858841941961
7,708,0,0,0.996341526354
7,709,0,0,0.656687280432
7,710,0,0,1.49094949342
7,711,0,0,0.40438874563
7,712,0,0,0.682485200391
7,713,0,0,0.924899884535
7,714,0,0,0.664921635048
7,715,0,0,0.444430480851
7,716,0,0,0.944690805647
7,717,0,0,1.30202544081
7,718,0,0,0.239091303895
7,719,0,0,1.14165694009
7,720,0,0,0.870626537035
7,721,0,0,0.431254118862
7,722,0,0,0.149652614444
7,723,0,0,0.898632056406
7,724,0,0,0.994091490793
7,725,0,0,1.1304189539
7,726,0,0,0.30319556326
7,727,0,0,0.346132719525
7,728,0,0,1.29793260381
7,729,0,0,1.30648155528
7,730,0,0,0.605861635427
7,731,0,0,0.654592715863
7,732,0,0,0.842123654565
7,733,0,0,1.31993504117
7,734,0,0,0.475293975861
7,735,0,0,0.295565742811
7,736,0,0,0.184536720149
7,737,0,0,0.874402382316
7,738,0,0,0.656310936231
7,739,0,0,0.863821661128
7,740,0,0,0.990457355488
7,741,0,0,1.13874241755
7,742,0,0,0.455254334334
7,743,0,0,0.168880215986
7,744,0,0,0.683995579997
7,745,0,0,1.39502780055
7,746,0,0,1.3770150749
7,747,0,0,0.037727241285
7,748,0,0,0.637840120724
7,749,0,0,0.130838821721
7,750,0,0,1.42178642984
7,751,0,0,0.336266175716
7,752,0,0,1.15524681944
7,753,0,0,1.16430926377
7,754,0,0,0.0425860710835
7,755,0,0,0.741778546194
7,756,0,0,1.48676358128
7,757,0,0,0.218473326272
7,758,0,0,0.0548203698739
7,759,0,0,0.0108728232253
7,760,0,0,0.558963341986
7,761,0,0,1.44017050417
7,762,0,0,1.30882849435
7,763,0,0,0.0941829278622
7,764,0,0,0.59592266014
7,765,0,0,0.118241357751
7,766,0,0,1.19695024944
7,767,0,0,0.450973775771
7,768,0,0,0.85147487813
7,769,0,0,0.38146874924
7,770,0,0,0.764187332038
7,771,0,0,0.739825785127
7,772,0,0,0.931348595478
7,773,0,0,0.571867077712
7,774,0,0,1.43743789013
7,775,0,0,1.04554655483
7,776,0,0,0.323259586552
7,777,0,0,0.558587737732
7,778,0,0,1.34763717771
7,779,0,0,0.96246529001
7,780,0,0,1.48233172736
7,781,0,0,0.264114676773
7,782,0,0,0.326793393584
7,783,0,0,1.11287956824
7,784,0,0,1.20569641041
7,785,0,0,0.640209875002
7,786,0,0,0.885546919522
7,787,0,0,0.136496222221
7,788,0,0,0.605395029651
7,789,0,0,1.04299255677
7,790,0,0,1.08898165585
7,791,0,0,0.959888602571
7,792,0,0,0.963735032545
7,793,0,0,0.00540870392996
7,794,0,0,0.830995074639
7,795,0,0,1.47574169055
7,796,0,0,0.441133994424
7,797,0,0,0.95881161729
7,798,0,0,0.581361108616
7,799,0,0,1.01328566225
7,800,0,0,0.893537866162
8,801,0,0,0.698408785406
8,802,0,0,0.765825369687
8,803,0,0,0.743030560657
8,804,0,0,1.22940608208
8,805,0,0,0.234542717435
8,806,0,0,1.14901925886
8,807,0,0,1.46249090085
8,808,0,0,0.829637915835
8,809,0,0,0.46408344491
8,810,0,0,0.325390554954
8,811,0,0,0.251094849963
8,812,0,0,0.83165383233
8,813,0,0,0.0570410611205
8,814,0,0,0.590702215049
8,815,0,0,0.469127412866
8,816,0,0,0.286473670468
8,817,0,0,0.224695056335
8,818,0,0,0.0862655537878
8,819,0,0,1.28182893749
8,820,0,0,0.0447652922244
8,821,0,0,0.831894470323
8,822,0,0,1.22753852882
8,823,0,0,1.33925054761
8,824,0,0,0.245724080783
8,825,0,0,1.27873881632
8,826,0,0,1.19255534726
8,827,0,0,1.27128489923
8,828,0,0,1.09600974028
8,829,0,0,1.07168962026
8,830,0,0,0.276919697573
8,831,0,0,0.0662158962011
8,832,0,0,0.175606451744
8,833,0,0,0.193822575795
8,834,0,0,0.354792221124
8,835,0,0,0.151287010523
8,836,0,0,0.85547627255
8,837,0,0,0.726560152451
8,838,0,0,0.343929952578
8,839,0,0,0.140524781199
8,840,0,0,0.76473347868
8,841,0,0,0.431742759873
8,842,0,0,0.989288511048
8,843,0,0,0.95307240415
8,844,0,0,0.841242933079
8,845,0,0,0.177688123065
8,846,0,0,1.47482836861
8,847,0,0,0.346705486573
8,848,0,0,1.48726047613
8,849,0,0,1.1680894741
8,850,0,0,0.623229236669
8,851,0,0,0.438048939517
8,852,0,0,0.711980138056
8,853,0,0,0.737809123078
8,854,0,0,0.0293539101681
8,855,0,0,1.3464795476
8,856,0,0,0.251882756314
8,857,0,0,0.800150591862
8,858,0,0,0.264083048634
8,859,0,0,1.14675733006
8,860,0,0,0.515738984423
8,861,0,0,1.04906725268
8,862,0,0,0.762443160858
8,863,0,0,0.254519501538
8,864,0,0,1.47234722542
8,865,0,0,1.33935464779
8,866,0,0,0.468989478336
8,867,0,0,1.39489535495
8,868,0,0,0.323112586953
8,869,0,0,0.45568611566
8,870,0,0,0.125236999194
8,871,0,0,0.999642170224
8,872,0,0,0.20349462815
8,873,0,0,0.175288957672
8,874,0,0,0.562806048825
8,875,0,0,0.953120872975
8,876,0,0,0.72349549292
8,877,0,0,0.592076783837
8,878,0,0,0.233076219118
8,879,0,0,0.678178348125
8,880,0,0,1.43485536966
8,881,0,0,0.727362932972
8,882,0,0,0.780408933547
8,883,0,0,0.638483082751
8,884,0,0,0.390246455999
8,885,0,0,0.796404551036
8,886,0,0,1.16747584711
8,887,0,0,0.83260046599
8,888,0,0,0.662193552003
8,889,0,0,0.0734371158959
8,890,0,0,1.18193323556
8,891,0,0,1.17960810009
8,892,0,0,0.263618024922
8,893,0,0,1.46766158888
8,894,0,0,1.08283438198
8,895,0,0,1.08687305489
8,896,0,0,0.669374991004
8,897,0,0,0.910393478595
8,898,0,0,1.27922013862
8,899,0,0,0.511648148934
8,900,0,0,1.15416043731
9,901,0,0,0.979206169765
9,902,0,0,1.23626057477
9,903,0,0,0.0165599201898
9,904,0,0,1.15868866681
9,905,0,0,1.48530456337
9,906,0,0,1.32225703874
9,907,0,0,0.938350408244
9,908,0,0,0.901808719034
9,909,0,0,0.585829414967
9,910,0,0,0.20257586763
9,911,0,0,0.9854546296
9,912,0,0,0.561120857273
9,913,0,0,0.0822190093161
9,914,0,0,0.0490335164694
9,915,0,0,1.12645273565
9,916,0,0,0.752644795078
9,917,0,0,0.781843366727
9,918,0,0,0.734500927547
9,919,0,0,0.2076414554
9,920,0,0,1.39184167481
9,921,0,0,1.03692261763
9,922,0,0,1.08160059238
9,923,0,0,1.46968384957
9,924,0,0,0.71194901637
9,925,0,0,1.06477822456
9,926,0,0,0.721254682498
9,927,0,0,0.177520328899
9,928,0,0,0.685554100145
9,929,0,0,0.448428789152
9,930,0,0,1.4531266797
9,931,0,0,0.944839962277
9,932,0,0,0.189795099142
9,933,0,0,0.0369716103626
9,934,0,0,0.149352941406
9,935,0,0,0.320851891517
9,936,0,0,1.47776036338
9,937,0,0,0.862339237034
9,938,0,0,0.890466662757
9,939,0,0,0.568935965897
9,940,0,0,0.959940504781
9,941,0,0,0.659783881717
9,942,0,0,1.01226676717
9,943,0,0,0.222918843529
9,944,0,0,0.425150175937
9,945,0,0,0.750288183026
9,946,0,0,0.842308489076
9,947,0,0,1.40991213567
9,948,0,0,1.38340153905
9,949,0,0,1.20886224709
9,950,0,0,0.750783354021
9,951,0,0,0.793867056992
9,952,0,0,0.219505192842
9,953,0,0,0.331284715737
9,954,0,0,0.399045416887
9,955,0,0,1.12866191523
9,956,0,0,0.029336858066
9,957,0,0,1.17822447907
9,958,0,0,1.27439452453
9,959,0,0,0.519581876361
9,960,0,0,0.930183747083
9,961,0,0,0.684206250038
9,962,0,0,1.11874421006
9,963,0,0,0.63692244762
9,964,0,0,0.312031747179
9,965,0,0,0.747399575597
9,966,0,0,0.409099718496
9,967,0,0,0.372484508778
9,968,0,0,1.09657065182
9,969,0,0,0.856441048077
9,970,0,0,1.03907966167
9,971,0,0,0.369470005002
9,972,0,0,0.823760386615
9,973,0,0,0.611160726234
9,974,0,0,0.519432154178
9,975,0,0,1.07753382041
9,976,0,0,1.28817578911
9,977,0,0,1.06023384978
9,978,0,0,1.0716022755
9,979,0,0,0.817674373046
9,980,0,0,1.09388863892
9,981,0,0,0.858916300001
9,982,0,0,0.00842479269483
9,983,0,0,0.61124422662
9,984,0,0,0.695463815085
9,985,0,0,1.10100149147
9,986,0,0,0.919233154088
9,987,0,0,1.01871442769
9,988,0,0,0.271237735979
9,989,0,0,1.3688128175
9,990,0,0,0.0193154784124
9,991,0,0,0.585350916056
9,992,0,0,1.35343418489
9,993,0,0,0.276022945744
9,994,0,0,1.10030608522
9,995,0,0,1.26770776735
9,996,0,0,1.02858642517
9,997,0,0,1.18390069323
9,998,0,0,1.12307351219
9,999,0,0,1.20683948245
9,1000,0,0,0.370720204439
